 ID | hits | accuracy | coinsTossed | meleesThrown | endTimesAverages | purchases | upgrades | swaps | actives | passives | coinsSpent | totalCoins | finalCoins
84   0      0          0             0              0                  0           0          0       0         0          0            0            0           
85   0      0          0             0              0                  0           0          0       0         0          0            0            0           
86   0      0          0             6              6.970678           0           0          0       0         0          0            20           20          
108  0      0          0             0              0                  0           0          0       0         0          0            0            0           
109  0      0          0             0              0                  0           0          0       0         0          0            0            0           
110  0      0          0             2              5.350798           0           0          0       0         0          0            20           20          
111  0      0          0             0              0                  0           0          0       0         0          0            0            0           
112  0      0          0             0              0                  0           0          0       0         0          0            0            0           
113  0      0          0             4              6.336872           0           0          0       0         0          0            20           20          
115  0      0          0             5              11.89817           0           0          0       0         0          0            25           25          
118  0      0          4             18             6.084582           3           0          3       1         2          25           0            12          
119  4      0          6             25             6.599635           3           0          3       1         2          25           219          39          
120  0      0          7             56             9.125915           5           1          4       3         2          65           0            110         
121  6      0          7             51             2.729952           2           0          2       1         1          15           507          19          
124  0      0          10            63             3.044048           2           0          2       0         2          15           0            18          
125  5      1          3             40             7.461091           3           0          3       2         1          35           324          26          
159  0      0          2             47             4.209129           1           0          1       1         0          5            0            5           
160  0      0          0             78             3.366198           1           0          1       0         1          15           0            40          
161  0      0          0             6              2.444175           0           0          0       0         0          0            0            17          
162  0      0          0             0              3.851393           0           0          0       0         0          0            263          16          
187  0      0          4             48             1.916558           1           0          1       0         1          5            0            1           
188  0      0          0             15             5.407525           2           0          2       2         0          15           0            13          
189  0      0          2             49             3.485067           2           0          2       0         2          10           0            13          
190  8      4          2             94             9.438397           4           0          4       2         2          55           522          49          
195  0      0          8             74             4.180372           1           0          1       0         1          5            0            33          
196  0      0          6             84             6.965537           3           0          3       1         2          15           0            24          
197  0      0          1             55             5.422368           3           0          3       1         2          15           0            13          
198  5      5          1             10             3.618234           0           0          0       0         0          0            444          11          
199  0      0          5             67             2.030075           1           0          1       1         0          10           0            5           
200  2      1          2             36             5.612943           3           0          3       2         1          20           288          23          
201  0      0          14            39             5.626029           3           0          3       0         3          40           0            9           
202  8      1          6             17             5.717488           4           0          4       2         2          40           263          33          
203  0      0          10            59             2.205401           2           0          2       1         1          15           0            2           
204  0      0          15            7              5.345715           3           0          3       1         2          15           0            2           
205  18     4          4             109            5.174876           3           0          3       1         2          15           456          12          
206  0      0          6             70             5.036336           3           0          3       1         2          15           0            27          
207  0      0          10            59             2.457698           1           0          1       0         1          10           0            19          
208  6      2          3             51             3.251245           4           1          3       4         0          30           485          26          
209  0      0          2             78             3.279562           0           0          0       0         0          0            0            49          
210  0      0          2             65             4.8415             2           0          2       2         0          15           0            64          
211  0      0          8             36             6.957683           2           0          2       1         1          10           0            10          
212  8      2          4             142            3.905752           5           0          5       2         3          60           516          5           
216  0      0          3             27             3.631195           3           0          3       1         2          15           0            2           
217  0      0          3             59             1.816077           3           0          3       1         2          15           0            9           
218  2      0          5             68             2.629148           4           0          4       2         2          25           362          12          
219  0      0          5             37             5.255822           1           0          1       1         0          10           0            48          
220  0      0          0             75             8.211237           4           0          4       1         3          40           0            20          
221  4      0          0             22             2.007073           1           0          1       1         0          5            438          1           
222  0      0          2             14             1.735332           1           0          1       0         1          5            0            5           
223  0      0          8             45             3.700971           2           0          2       2         0          15           0            31          
224  0      0          0             21             5.083922           1           0          1       1         0          5            0            49          
225  3      1          3             48             5.024211           0           0          0       0         0          0            324          22          
226  0      0          0             32             1.41648            1           0          1       0         1          5            0            22          
227  0      0          4             62             4.672267           4           0          4       3         1          40           0            26          
228  0      0          6             23             5.172698           2           0          2       1         1          20           0            13          
229  6      3          2             80             4.179588           2           0          2       1         1          10           322          17          
234  0      0          29            87             5.408195           6           0          6       4         2          50           0            26          
235  0      0          3             93             5.606898           3           0          3       2         1          15           0            6           
236  0      0          1             90             8.398783           3           0          3       1         2          25           0            6           
237  20     0          0             65             4.67046            3           0          3       2         1          15           650          2           
238  0      0          1             92             4.464948           3           0          3       0         3          25           0            22          
239  0      0          7             70             3.31747            1           0          1       1         0          10           0            5           
240  0      0          14            78             2.27577            2           0          2       1         1          15           0            24          
241  8      1          5             82             5.098867           3           0          3       1         2          35           692          19          
242  0      0          14            49             3.948135           1           0          1       0         1          5            0            26          
243  0      0          0             100            5.569321           2           0          2       2         0          20           0            44          
244  0      0          0             32             3.904724           1           0          1       1         0          5            0            19          
245  14     2          5             45             1.998269           1           0          1       1         0          10           492          10          
246  0      0          4             72             3.66943            1           0          1       0         1          5            0            4           
247  0      0          0             18             4.82712            2           0          2       1         1          15           0            24          
248  0      0          3             54             3.276956           3           0          3       1         2          15           0            3           
249  2      2          1             9              0                  0           0          0       0         0          0            310          0           
250  0      0          0             79             4.181813           0           0          0       0         0          0            0            8           
251  0      0          7             9              3.257736           3           0          3       2         1          25           0            15          
252  0      0          8             46             1.604792           3           0          3       2         1          15           0            2           
253  15     1          14            42             2.660675           1           0          1       1         0          5            332          13          
254  0      0          6             1              2.253222           3           0          3       0         3          15           0            1           
255  0      0          1             44             4.198499           3           0          3       2         1          25           0            5           
256  0      0          2             10             3.858239           1           0          1       0         1          5            0            17          
257  3      0          0             32             3.251535           2           0          2       0         2          10           223          2           
262  0      0          1             5              2.727974           3           1          2       3         0          20           0            4           
263  0      0          2             59             2.768963           3           0          3       2         1          25           0            1           
264  0      0          2             19             4.191257           3           0          3       0         3          15           0            11          
265  4      0          6             81             4.242436           2           0          2       1         1          10           446          9           
266  0      0          12            83             5.990117           4           0          4       2         2          30           0            1           
267  0      0          17            33             4.802135           0           0          0       0         0          0            0            5           
268  0      0          3             88             2.032436           3           0          3       1         2          15           0            5           
269  29     3          8             35             5.846775           1           0          1       0         1          5            528          7           
270  0      0          11            51             5.700792           1           0          1       1         0          5            0            5           
271  0      0          2             33             6.359199           1           0          1       0         1          5            0            32          
272  0      0          4             22             4.146375           3           0          3       2         1          20           0            21          
273  9      4          2             54             2.971457           2           0          2       1         1          15           430          12          
274  0      0          10            47             2.301394           2           0          2       0         2          25           0            7           
275  0      0          4             40             5.411002           4           0          4       1         3          25           0            7           
276  0      0          9             36             2.359735           0           0          0       0         0          0            0            28          
277  15     3          4             47             5.161572           2           0          2       1         1          15           409          9           
278  0      0          10            55             3.844731           2           0          2       0         2          15           0            17          
279  0      0          4             58             5.592272           1           0          1       1         0          5            0            37          
280  0      0          0             53             2.760695           4           0          4       2         2          25           0            11          
281  14     1          9             33             4.577672           2           0          2       1         1          20           491          14          
286  0      0          1             80             4.269824           2           0          2       0         2          15           0            2           
287  0      0          4             50             5.06837            0           0          0       0         0          0            0            45          
288  0      0          3             46             3.919979           2           0          2       1         1          10           0            8           
289  8      0          15            40             2.230229           0           0          0       0         0          0            389          6           
290  0      0          11            12             0.5504434          1           0          1       1         0          5            0            0           
291  0      0          6             57             3.142454           1           0          1       0         1          5            0            4           
292  0      0          8             20             0.8564148          0           0          0       0         0          0            0            4           
293  9      2          4             14             9.366057           3           1          2       1         2          20           288          16          
294  0      0          2             82             9.522186           1           0          1       1         0          10           0            31          
295  0      0          3             14             2.816156           1           0          1       1         0          10           0            25          
296  0      0          0             91             2.150486           2           0          2       1         1          10           0            12          
297  6      1          5             32             4.272003           2           0          2       2         0          15           486          23          
298  0      0          4             87             4.522391           2           0          2       2         0          10           0            56          
299  0      0          1             93             4.602643           2           0          2       2         0          15           0            3           
300  0      0          0             81             5.610753           4           0          4       2         2          30           0            25          
301  11     1          9             23             3.441738           1           0          1       0         1          15           598          3           
